# For a detailed explanation of this scenario, see file AxionBands.txt.
# Data from arXiv [2107.12378].
# Anomaly Ratio      Normalized Probability
-6.190476190476191	6.11520216344917e-6
2.318840579710145	0.00013611622758732722
1.5897435897435896	0.002027592799802716
1.5416666666666667	0.0015084560027517088
2.0350877192982457	0.0005773770975303514
2.466666666666667	0.0021837264036284718
1.2121212121212122	0.002869901085353223
-0.9333333333333333	0.0031433755434630145
6.333333333333333	0.0004933063138358401
-10.833333333333334	1.3723509717774015e-5
16.666666666666668	0.002886073616893414
-5.0	0.0001689349796872471
1.7435897435897436	0.001683334083441219
-3.1666666666666665	8.724249505160571e-8
-0.8	0.0002087697325802202
1.0144927536231885	0.0005772189037212669
-1.7083333333333333	3.98807028361942e-5
2.3666666666666667	0.00034136987923846936
3.5757575757575757	0.0007128088456021653
0.9019607843137255	0.000935441307064389
-1.2156862745098038	1.4307673682944183e-5
52.666666666666664	3.179800951220558e-6
-2.5	1.780815633963624e-5
-0.8070175438596491	4.9595915409067526e-5
5.666666666666667	0.010004697861130547
0.06666666666666667	0.002222349798924624
2.196078431372549	0.0007159818932631357
12.666666666666666	0.0037751077859134352
1.7575757575757576	0.0022729876597188123
-0.47619047619047616	0.0022754358273294794
2.5128205128205128	0.0011759361226244608
-8.533333333333333	1.346483059385809e-5
-3.533333333333333	1.4228997554415508e-5
2.212121212121212	0.00029182596840543376
2.784313725490196	0.0003576046278306338
-37.333333333333336	0.0002201975574852853
-0.5714285714285714	1.284360461471946e-5
8.333333333333334	8.036957739692498e-5
0.20512820512820512	0.0010920108000687856
2.026666666666667	0.00013027304151610694
-3.696969696969697	4.3293958314233227e-7
1.0303030303030303	0.0030102960040568802
-2.0	0.004429827686369671
0.12121212121212122	0.0014165872421659416
0.5066666666666667	1.811820339031195e-5
-0.17543859649122806	0.0001917858182208239
2.2666666666666666	0.005912968899644492
-0.11594202898550725	1.117743556393476e-5
0.2318840579710145	6.473966687970603e-5
3.4166666666666665	0.0019242791568023696
0.37037037037037035	1.1791372362154031e-5
3.2666666666666666	0.001216868777714609
-3.0833333333333335	0.00022610155617625515
2.2916666666666665	0.0009207897098599961
-7.666666666666667	3.845890894346942e-6
-10.0	0.0003294747032740744
1.75	0.00036251981611292095
3.6	0.00012069740548526171
-12.333333333333334	0.00076669403338768
-0.9583333333333334	4.7423809565803165e-5
0.7380952380952381	9.024069579565809e-5
-6.666666666666667	0.0010032693315930508
3.2222222222222223	4.114896677734665e-5
-1.1904761904761905	9.683164016317957e-5
-2.888888888888889	0.0001312253165818901
0.4358974358974359	2.980744200631733e-5
-1.9047619047619047	0.0012421791565954984
0.5666666666666667	0.0009382807428535002
1.7916666666666667	0.0013722569179650487
-6.761904761904762	1.8257109093814492e-6
-53.333333333333336	1.2592384997197016e-6
3.019607843137255	0.0001877471924682886
0.5	0.002226471195835129
3.0952380952380953	0.000503866882188338
-2.761904761904762	0.0005094198787262872
26.666666666666668	0.000892300980134464
1.1282051282051282	0.002036953256022412
2.4057971014492754	0.00011045743539761719
3.5	0.0005877469541782907
0.7777777777777778	0.0012327706263038473
0.3188405797101449	9.831967802872345e-5
2.484848484848485	0.0015325673587502158
14.166666666666666	7.571346243722578e-6
3.2549019607843137	9.805931589390525e-5
-6.476190476190476	2.505541038148323e-6
6.222222222222222	3.080254448960343e-5
1.4523809523809523	8.025646047951899e-5
1.0	0.007465410856915554
3.7254901960784315	6.772008417877345e-8
1.0238095238095237	0.00012173561916379833
2.982456140350877	5.4708863623650585e-5
2.6666666666666665	0.03799636953158879
-0.5641025641025641	0.0005258328891274897
0.4444444444444444	0.0032078123481172087
5.333333333333333	0.0032266488558540377
-47.333333333333336	1.671530287673127e-5
-0.2857142857142857	2.1116193237669714e-5
-8.0	0.0006148314044407938
1.619047619047619	0.000553079997952003
1.5	0.0030724349574831437
2.549019607843137	0.0004970838543473594
0.7666666666666667	0.0009868123051695844
0.9166666666666666	0.0050491240823859335
-0.5964912280701754	2.3372910278889442e-5
1.0512820512820513	0.00030477410469437216
5.0	0.0011216545477076621
-0.1111111111111111	0.0003006335244678521
0.8148148148148148	5.029788444909078e-5
-0.7878787878787878	0.0006657375657927472
-3.619047619047619	0.00024240833492311954
2.380952380952381	0.003980605174100779
1.8333333333333333	0.002405911161327398
1.7254901960784315	0.0009928801783553865
-0.8717948717948718	0.0003500826455205792
0.24561403508771928	0.00036170462493548603
-2.717948717948718	8.551515120161422e-6
0.030303030303030304	5.5130764112724404e-5
-2.5641025641025643	2.8473186484317216e-5
-25.333333333333332	0.0007712114838085721
5.916666666666667	0.00016584401157539202
-21.333333333333332	0.0014149928208958289
0.5555555555555556	0.0013618032819880219
1.25	0.0005246571264684366
3.5555555555555554	0.0010563334282275773
-1.4666666666666666	8.06946024380121e-5
17.666666666666668	0.00048132864481229486
1.880952380952381	3.156545096008812e-5
-4.083333333333333	5.80925679530147e-5
9.666666666666666	0.005679391266761718
5.523809523809524	0.0004810932774459384
12.166666666666666	4.216909997611406e-5
3.466666666666667	0.0034525773087593936
-0.07017543859649122	0.0001411240229405789
2.533333333333333	0.0008550014034355496
1.393939393939394	0.002894394873636216
7.0	0.0004174121985126343
-0.6274509803921569	0.0003286284520188865
2.1333333333333333	0.0010559618177482782
-7.333333333333333	0.005798255786032976
-1.0833333333333333	0.0016316547892453331
1.9393939393939394	0.0023544291650204508
2.857142857142857	2.2841917687551465e-5
3.8974358974358974	0.00036947748170503296
-4.733333333333333	1.1433693723359495e-7
4.916666666666667	0.0005455948564901024
7.466666666666667	0.0004987695559956091
3.7777777777777777	0.0009079413450237093
-12.666666666666666	9.691449502983818e-5
18.0	1.0440642146066234e-5
1.5238095238095237	0.005166596986704796
2.4761904761904763	0.0001894569375498206
2.7777777777777777	0.00025467828739789524
-0.03333333333333333	0.0001397860624622186
-2.0476190476190474	1.837690296153179e-5
-10.333333333333334	0.0012954764655327433
-3.3333333333333335	0.011666110048816366
-11.333333333333334	0.0031581788797860164
2.2318840579710146	0.00018296230530598264
-8.333333333333334	0.0018772350454348409
5.03030303030303	3.3321891367147656e-5
0.7843137254901961	0.0008516952691712716
6.066666666666666	2.133591581344924e-6
54.666666666666664	1.1927104774858327e-6
19.333333333333332	5.777993534296891e-6
4.133333333333334	5.8479028005505735e-6
0.6666666666666666	0.054505033087035894
-0.24242424242424243	0.00111181246268056
-4.444444444444445	5.799699215863505e-6
0.3137254901960784	0.0005551491047828206
0.9743589743589743	0.0017367080364845949
9.333333333333334	0.0010714379264181982
-3.6666666666666665	0.0005083242717756471
1.1666666666666667	0.012394697494929021
0.4057971014492754	0.00010346885242708392
2.966666666666667	2.4078818000929026e-5
-6.533333333333333	0.00017263074005586713
-0.4	0.00031859542376884436
-6.083333333333333	5.2569887209099e-7
0.18666666666666668	0.00019977774818025836
-13.333333333333334	0.002623695469731213
-1.641025641025641	7.463785885385067e-5
1.121212121212121	0.0010355012851892193
3.2	0.00027899774216999247
3.380952380952381	0.00030244901961671113
0.7575757575757576	0.000989002866633978
20.666666666666668	0.0018047172476832827
-3.1333333333333333	4.1565894843406086e-5
1.4666666666666666	0.007890436899086759
7.333333333333333	0.002106640020591222
-1.6862745098039216	3.0044437031423005e-6
-1.878787878787879	0.0001387626114991176
44.666666666666664	5.4294766255115544e-5
0.9066666666666666	0.0001264749332317843
-10.133333333333333	7.602453115044857e-7
-17.333333333333332	0.0017783700548193405
2.0952380952380953	0.0043296640515631465
3.192982456140351	2.3124437795357178e-5
2.0579710144927534	0.0002506084880814497
-0.15151515151515152	4.171534294168373e-5
2.7666666666666666	9.718568779460412e-5
2.1403508771929824	0.0005546968327891388
-1.4444444444444444	1.6150695111881237e-6
0.5614035087719298	0.0008142498818283677
-3.9047619047619047	0.00018877285585268264
1.7066666666666668	0.0002612626385383363
2.358974358974359	0.0012221734274885931
-4.933333333333334	0.0004448627386663537
-0.38596491228070173	0.00013479721135810214
-5.619047619047619	1.9266931245529476e-5
-1.794871794871795	7.086978045974986e-5
2.051282051282051	0.0018536181182011778
6.416666666666667	9.15764221104106e-5
-4.476190476190476	0.00010256772222877453
-3.7777777777777777	6.317754690950048e-5
0.7916666666666666	0.0016158381719189852
2.121212121212121	0.0020455879950292853
-1.619047619047619	0.0011911136609869643
1.7142857142857142	0.0005155265221133796
-2.5833333333333335	0.000389267168510066
46.666666666666664	3.45371627579167e-5
-3.0476190476190474	0.00039890775857445357
0.9333333333333333	0.0011888412878378672
3.7916666666666665	5.718044780447001e-6
-0.5555555555555556	0.00010127227817895195
-1.4385964912280702	5.172235440157237e-6
-1.5333333333333334	0.0004840761988953237
-16.0	7.848533675105911e-6
0.47619047619047616	0.00022171818186112694
1.4492753623188406	0.0007136252704855516
1.9047619047619047	0.00046271715955967057
38.666666666666664	0.0002335204510871978
-18.0	2.617274851548171e-7
0.7536231884057971	0.0004945462027933728
4.0	0.00584200087036125
2.9166666666666665	0.002407622896962249
-3.878787878787879	1.5372614552524852e-7
5.416666666666667	0.00033288607491804584
2.3508771929824563	0.0004175786610953385
2.1449275362318843	0.00022561740477944207
4.5	6.21209064794841e-5
-4.333333333333333	0.0045126134592487635
-1.0980392156862746	7.812307738294201e-5
2.8771929824561404	9.704396064712566e-5
-1.4583333333333333	8.930318426053277e-6
0.057971014492753624	5.403268060021142e-5
23.666666666666668	3.3263251616139514e-5
-0.26666666666666666	0.0004173269176202612
-0.08333333333333333	0.003062750526105629
-0.7017543859649122	8.429583646537371e-5
-0.9696969696969697	0.00054517924451541
3.1372549019607843	0.00011887173876504126
-0.41025641025641024	0.0005972313985355653
1.2916666666666667	0.0016566276582317618
-22.333333333333332	2.332118143724445e-5
5.266666666666667	5.97125328937266e-5
2.5757575757575757	8.733529877646837e-5
1.9710144927536233	0.0002725020104823099
-51.333333333333336	4.285094103496078e-6
-3.7333333333333334	0.0008191833007229279
-4.833333333333333	0.001019788154801213
1.2222222222222223	0.001340875097616735
-14.333333333333334	0.0005329434425062214
-5.733333333333333	0.00028738135414925047
3.9523809523809526	6.240289527498918e-5
1.536231884057971	0.00045308403770720344
-1.1515151515151516	0.0004361184608441114
10.0	0.0008673562317422685
0.75	0.0004947598175698594
3.238095238095238	0.002129618668760476
1.0196078431372548	0.0011444295756391726
9.066666666666666	0.00015096534114476768
0.25	5.1695159907653795e-5
2.2051282051282053	0.0013981658658049102
0.9866666666666667	0.00013002574676794487
0.0	0.010034116947448529
-0.2222222222222222	0.0018040604684077884
-0.6666666666666666	0.00742142986521475
0.16666666666666666	0.01156051944099435
-1.4761904761904763	0.00010204073808515044
1.0952380952380953	0.00203931907607488
1.4444444444444444	0.001311565834845039
2.4166666666666665	0.0038256832587046713
0.5490196078431373	0.0007666671482405367
2.5555555555555554	0.0003759778856313887
-1.7619047619047619	5.424001149539475e-5
2.066666666666667	0.002817807940473632
2.4	0.0011080498284292367
1.8245614035087718	0.000733405009715415
0.8266666666666667	0.00014055668627360157
2.0238095238095237	2.39191781996553e-5
2.2962962962962963	1.3679367000573144e-5
9.166666666666666	0.0005185682672419896
-2.2083333333333335	5.172235440157237e-6
-0.4444444444444444	0.0020366558009152365
6.888888888888889	1.0344470880314475e-5
-27.333333333333332	0.0006126602076451203
2.1866666666666665	8.524492316887858e-5
4.666666666666667	0.019114434152943453
-0.717948717948718	0.00039895949963540244
-6.0	0.0014851819631746725
-15.333333333333334	0.0021586934655348617
2.753623188405797	3.514684705921872e-7
-0.10256410256410256	0.0008288235565733407
1.2982456140350878	0.000776959451834729
14.0	0.00020283222868550566
-5.904761904761905	3.563234829222787e-5
1.9259259259259258	6.204233296623767e-5
-6.933333333333334	0.00010281391729012349
1.5087719298245614	0.0008210969628985688
0.8333333333333334	0.0029916850590105877
0.9393939393939394	0.0007638399177633513
1.6666666666666667	0.02684731685201862
0.14492753623188406	3.839752436902894e-5
-2.2222222222222223	0.00027783910781436057
-31.333333333333332	0.0004098956629136513
36.666666666666664	0.0002793511824345566
1.6	0.0012631752772758438
-0.7777777777777778	6.172767971143968e-5
9.866666666666667	5.7482082050432125e-5
2.3333333333333335	0.005151289002090239
1.6296296296296295	0.0001029265342734899
-0.20833333333333334	0.00046955514873952403
-0.7333333333333333	0.0012019800132368889
2.0303030303030303	0.00037978855272305254
0.7719298245614035	0.0006010417644557296
3.58974358974359	0.0003365422981489417
-2.4761904761904763	0.0006832906678556173
-1.9487179487179487	4.560851824630899e-5
-0.37681159420289856	4.8556874408565995e-6
1.3666666666666667	0.0009721226874528583
7.866666666666666	0.0006553922838610943
-0.5833333333333334	0.002564337275889477
2.456140350877193	0.0003253658979703244
-7.0	1.4017160072588033e-5
-2.1666666666666665	3.856955480541009e-5
25.666666666666668	1.4719574284577818e-5
-4.133333333333334	0.0006403150494234343
0.43137254901960786	0.0006823657792387105
-0.7619047619047619	0.001945039339689547
1.7037037037037037	0.00010482697996502608
2.761904761904762	4.1963710223563884e-5
10.266666666666667	2.576167413349988e-5
-1.5151515151515151	0.0002482292854490083
-2.4444444444444446	0.00022004717839127716
1.2820512820512822	0.002110592810647386
0.4266666666666667	2.599386063277404e-5
1.6266666666666667	0.00021966847806782267
21.666666666666668	0.0003447743504588441
7.066666666666666	0.0005802347499775761
-55.333333333333336	1.7177762355964467e-7
-20.333333333333332	6.158110913006605e-5
2.9523809523809526	0.002778850944581877
1.3066666666666666	0.00024020987189576887
-3.8333333333333335	0.0016002470266628106
0.2916666666666667	0.001092996123431978
0.19607843137254902	0.0004439799449533325
-45.333333333333336	3.0046960732489433e-5
5.212121212121212	1.8382998352815624e-5
5.166666666666667	0.00270329934527557
-9.833333333333334	7.624211350354698e-5
3.2982456140350878	9.372928246765654e-6
1.5555555555555556	0.0034414979611433203
-1.7333333333333334	0.0020745652833945856
-4.533333333333333	0.0005116247947395322
-0.047619047619047616	0.0010594861593929018
-5.083333333333333	1.168375274870415e-5
6.444444444444445	5.636511860296628e-6
-1.2	9.078608427135093e-5
6.666666666666667	0.013162822319049904
-5.0476190476190474	5.166965494010237e-5
0.19047619047619047	0.00038934576786773525
-0.3333333333333333	0.016108488519858626
1.8518518518518519	8.411658739071835e-5
0.13333333333333333	0.0008712875893425951
1.607843137254902	0.0010464768360517762
1.2753623188405796	0.00039547533945310495
-3.1515151515151514	9.952036099319472e-6
-2.4242424242424243	5.2354566885139274e-5
-0.7450980392156863	5.1024322659246914e-5
-1.1666666666666667	0.0003464013844701521
1.7333333333333334	0.001216399974128808
2.238095238095238	0.0013205586148628725
2.933333333333333	0.00045387536206027734
3.6666666666666665	0.011339210359248604
0.5925925925925926	3.2692411312500875e-5
2.7719298245614037	0.00017224945984221
0.8484848484848485	0.0027432019891467352
0.10666666666666667	5.172235440157237e-6
6.9523809523809526	0.00010040767317475966
0.5897435897435898	0.00011062024071649183
3.4901960784313726	2.3917704225576808e-5
-5.833333333333333	0.0006427720564169359
-1.3333333333333333	0.02005849809445197
-16.666666666666668	2.485350517097737e-6
2.1904761904761907	0.00038360080754408477
1.9298245614035088	0.0006989650059556624
-2.0606060606060606	0.00010961632025479549
2.0833333333333335	0.0001915080280252942
-3.0	0.0008819887465693094
2.8484848484848486	0.0011992961720752803
0.5185185185185185	1.1545251499777683e-5
-0.27450980392156865	0.00021230833576386758
-2.4	3.31902846646811e-5
2.8205128205128207	0.0008666637612048764
0.8405797101449275	0.000282729823923545
3.0	0.0036258475652798886
0.5833333333333334	0.0002661321289751857
3.9393939393939394	0.0004206388028491173
2.506666666666667	8.218731819641536e-6
4.121212121212121	0.00032896839972810447
1.8888888888888888	0.000993142761266881
-2.533333333333333	0.0014180027868768439
-3.933333333333333	6.955356163875143e-6
1.435897435897436	0.0021255377725462633
-6.133333333333334	0.0001926082993011878
-18.333333333333332	0.00015291648052906842
0.38095238095238093	0.00402315303062173
-14.666666666666666	2.701085225416416e-5
1.719298245614035	0.0007871777701883954
3.282051282051282	0.0005152314916700724
-3.111111111111111	9.128018952765948e-5
1.2	0.0012620963523715647
-2.871794871794872	7.849945411578265e-6
0.7435897435897436	0.00042753734870993416
0.09523809523809523	0.003429868737841313
1.2266666666666666	0.00024716721048366355
0.9523809523809523	0.004851307158538122
-8.666666666666666	0.0005285726740827817
4.266666666666667	0.0021816513224035745
1.205128205128205	0.0003210581419555359
-11.833333333333334	3.693627929903769e-6
1.358974358974359	0.00027762310997243053
1.2380952380952381	0.005139361806490851
2.4444444444444446	0.0023389536525043743
-0.5333333333333333	0.003934774263527632
-1.9215686274509804	6.883554649814206e-6
40.666666666666664	0.00039914648329807085
2.25	0.00012295112194438636
1.0476190476190477	0.0006479654355501193
27.666666666666668	1.0556358221288174e-6
0.5866666666666667	0.00025263946436397195
0.23809523809523808	0.0014608290401068146
1.1884057971014492	0.0006343614779713466
11.066666666666666	1.125356302818185e-5
-1.8333333333333333	0.003463132837643488
1.037037037037037	9.042974858803109e-5
-0.6333333333333333	4.2157952891077475e-5
1.7380952380952381	4.422982737948802e-5
-0.2807017543859649	0.00022395753705722784
12.0	0.0004921163959169441
-0.19047619047619047	0.0030444714426658666
0.0784313725490196	0.00044115282223695565
15.666666666666666	0.0006758508662181206
24.666666666666668	0.0011019472814293425
7.666666666666667	0.0038817189684540823
1.8666666666666667	0.0070024387800916715
0.927536231884058	0.0002609734207014411
-10.666666666666666	0.0002363924436737331
2.3137254901960786	0.0007051562421810328
4.333333333333333	0.0017904630464763008
3.0303030303030303	0.001069870914540727
2.4313725490196076	0.0006242635556291623
0.14035087719298245	0.0006058290329378787
-3.515151515151515	2.3705952295816225e-6
2.4266666666666667	3.396041478184974e-5
-1.803921568627451	2.8382794306326442e-5
-1.543859649122807	1.5395415860973242e-6
-0.38095238095238093	1.0449426388588833e-5
-2.8333333333333335	0.002356543865284499
0.8809523809523809	0.00010067728624909098
-41.333333333333336	7.046784161287954e-5
0.4	0.0009105382430412374
-0.13333333333333333	0.005216799366281794
2.0416666666666665	0.0011615996054323056
3.066666666666667	0.004311004389981189
-2.1025641025641026	3.24732774400403e-5
-0.5098039215686274	0.00023253038832812774
2.56140350877193	0.00025702259023160066
-33.333333333333336	0.00030448170400625103
-0.6190476190476191	0.0004358202440860652
1.1014492753623188	0.0004693444449979974
1.1851851851851851	0.00010784149872785952
-2.1904761904761907	0.0009094604397141017
8.095238095238095	1.0137426889588686e-5
0.358974358974359	0.0012074962836430931
-2.1333333333333333	0.001748553956615489
2.4927536231884058	9.74251907900273e-5
0.8	0.0015790064476575024
1.2666666666666666	0.0037675474359633557
3.3333333333333335	0.007080447084621688
2.5416666666666665	0.0007096042574871426
8.666666666666666	0.007506552062680081
28.666666666666668	0.0007403347701998117
-2.787878787878788	3.5081640707473904e-5
1.8205128205128205	0.00018312861731459494
-1.2083333333333333	0.00012773007471325194
1.3866666666666667	0.0002959084551426037
4.095238095238095	0.0012839198019454793
0.7407407407407407	3.978008323623766e-5
-9.733333333333333	1.6234797197629148e-6
0.28205128205128205	2.566997152053303e-5
0.05128205128205128	0.0009776371495084795
3.393939393939394	0.0007532837716929645
1.7777777777777777	0.003359979143604095
1.9666666666666666	0.0006183608470697769
-1.1228070175438596	3.103649055687114e-6
-26.333333333333332	6.763304098763088e-7
2.393939393939394	0.00017238326857381227
4.833333333333333	1.3610456848963233e-5
2.0784313725490198	0.0007822028698554657
-1.1333333333333333	0.0008075111985070118
-10.533333333333333	5.180402372225007e-7
-0.9122807017543859	5.570730560039241e-6
-5.111111111111111	8.059701174001655e-7
-1.5686274509803921	1.797051182414643e-5
0.8888888888888888	0.0033794518564060163
2.111111111111111	0.0007448532185766271
1.303030303030303	0.0007414244646744324
1.8431372549019607	0.0010175064013336346
-0.028985507246376812	3.4651664385432524e-5
-43.333333333333336	6.593764259815287e-5
-1.1794871794871795	0.0001855523908484674
11.466666666666667	2.711388780464933e-5
0.9666666666666667	0.0010783014686206634
3.4444444444444446	6.356979095368578e-6
1.9607843137254901	0.0009204683958703761
3.212121212121212	0.0009068657461505681
-3.0256410256410255	1.752505052775248e-5
4.358974358974359	4.009466664316255e-5
1.5952380952380953	6.546564284638556e-5
-6.833333333333333	0.00041877827702915864
6.380952380952381	0.00029105853002264645
4.205128205128205	6.047641769892096e-5
1.1428571428571428	0.0006175002151756302
-1.0666666666666667	6.701860568519236e-5
0.8771929824561403	0.0006418163757395166
13.333333333333334	0.0002325656360713222
-1.1111111111111112	0.0009347898068677109
-4.0	0.0022481909152217653
-7.833333333333333	0.00022508887085295311
6.095238095238095	0.00040906472070996393
3.607843137254902	5.7330087922450895e-6
1.087719298245614	0.0007425480688497316
1.2549019607843137	0.0012220608509579552
5.238095238095238	0.0007197936395505449
1.8840579710144927	0.0003107684057878407
17.333333333333332	1.7598700901173262e-5
1.0833333333333333	0.0006285544589006187
2.9743589743589745	0.0007054509518954865
-2.0833333333333335	0.000697236767268831
1.9466666666666668	0.00014650027615722958
2.757575757575758	1.3598563675889284e-5
-1.6666666666666667	0.0018914474825185877
1.3725490196078431	0.0010899862746873846
22.666666666666668	0.0012627476601389344
1.710144927536232	0.0003606312684163198
-9.333333333333334	0.004367285609043118
2.2857142857142856	0.00029331816548229094
2.128205128205128	7.346576369379551e-5
1.5833333333333333	0.0004142738196003073
4.303030303030303	0.00028718544242300315
2.566666666666667	0.00020096733590875147
-1.5555555555555556	0.0006165203696091023
-4.222222222222222	1.5176745559627038e-5
1.4074074074074074	0.00012812624445334144
1.4814814814814814	0.00012536311370925092
5.393939393939394	3.4531931670758444e-5
4.512820512820513	2.4091183917404523e-5
4.416666666666667	0.0010473625207941821
2.5	0.001488814088348564
-5.333333333333333	0.008046529960549609
30.666666666666668	0.0006000686972751546
-12.0	0.00014201043274811892
-4.888888888888889	5.55994273406072e-7
1.1372549019607843	0.0009971562763446682
16.0	4.1545305814195476e-5
-0.7083333333333334	0.0002058321305789799
0.9824561403508771	0.0007217293734583737
2.579710144927536	4.2499856690321344e-5
-2.7333333333333334	7.969951364875387e-5
7.238095238095238	0.0001218521180334573
-5.666666666666667	7.892269485267486e-5
0.5952380952380952	1.4995574780330403e-6
2.1666666666666665	0.009401941174742398
48.666666666666664	1.9939795073324537e-5
-1.6	2.5436354648005104e-5
1.5128205128205128	0.00025504536616394435
2.074074074074074	4.605579889574929e-5
-0.5507246376811594	9.027830917634541e-7
2.8	0.0005555687299214282
1.6140350877192982	0.0007656338944003829
2.7916666666666665	0.00045906901510054656
-4.242424242424242	8.724249505160571e-8
-0.16666666666666666	0.001363552091977459
5.466666666666667	0.0012142225789548192
-0.5151515151515151	2.259636617470573e-6
2.5833333333333335	1.1679208781892629e-5
3.1666666666666665	0.006145937643937548
50.666666666666664	7.0420719520183635e-6
0.2857142857142857	0.0004356881551268515
-14.0	6.30616120869578e-5
3.128205128205128	0.0006067842916359702
-2.933333333333333	0.0011981843526464883
0.4166666666666667	0.004404882255196349
-0.2028985507246377	1.0898024856756921e-5
1.0416666666666667	0.0016207411739837395
1.2592592592592593	0.0001110264740065964
-39.333333333333336	0.0001196498819333771
-0.0392156862745098	0.000622159673860727
-24.333333333333332	5.095399679260824e-6
15.333333333333334	0.00011529631264877593
0.8095238095238095	0.0020913707871681383
2.1481481481481484	3.3366220585777284e-5
-2.9696969696969697	1.625158798590813e-5
4.051282051282051	0.00012816677631351196
1.8484848484848484	0.00046598350565604406
0.7619047619047619	0.0006973249341650015
-5.555555555555555	8.724249505160571e-8
0.5714285714285714	0.00038064160841707695
6.916666666666667	1.550542368651705e-5
7.523809523809524	6.249956644040582e-5
-2.3333333333333335	0.007658732167500446
-1.7777777777777777	0.00045573616825909
0.48484848484848486	0.0019897000359507763
0.36666666666666664	0.000500575039225218
-2.41025641025641	2.4860306106945512e-5
6.0	0.0026644453066832752
11.866666666666667	6.05758094139654e-7
-0.5	0.0009497626002702958
-0.43333333333333335	1.2942564484469088e-5
0.8666666666666667	0.0035896688650299924
-1.9333333333333333	0.0002723716801391085
-0.1568627450980392	0.0002928063524301201
3.8666666666666667	0.002695830043363541
-0.06060606060606061	0.0013307610787327887
2.245614035087719	0.0005279615691949021
-19.333333333333332	0.0014156647685167254
0.5797101449275363	0.00012264525860416613
-0.49122807017543857	3.045414870691781e-5
-3.1794871794871793	6.7117770262545615e-6
-1.5	0.0001694911722857393
-0.9803921568627451	0.0002897796212201534
4.222222222222222	0.0006772899064799023
1.1929824561403508	0.0007287492719487277
-0.463768115942029	9.900255868150597e-7
-4.666666666666667	0.0020438498219642813
1.4285714285714286	0.0006409547918854478
11.166666666666666	0.0003493355417205764
1.7866666666666666	0.00022489081964856478
1.1466666666666667	0.00025226103225301985
0.9629629629629629	6.051158416300639e-5
0.8205128205128205	0.0017275010763017765
-1.5833333333333333	0.0013360634639218035
-4.190476190476191	0.00014360375456203602
5.575757575757576	1.7268490589582418e-6
1.7666666666666666	0.0008078449602739324
13.166666666666666	1.8018993052199353e-5
0.5238095238095238	0.0017729852506964004
-0.9047619047619048	0.0004425032834000847
7.416666666666667	3.425259284569365e-5
-35.333333333333336	0.00022387913360564414
3.5416666666666665	4.511214440707924e-5
-4.0606060606060606	2.409686405768542e-7
-0.6060606060606061	0.0007783807127959369
-0.8888888888888888	0.0012961535475617915
0.5416666666666666	0.0014484105337091895
1.4035087719298245	0.0007853940769790026
8.380952380952381	3.1665797566019504e-5
4.238095238095238	2.1170612737428656e-5
2.0	0.012760240840641918
2.4358974358974357	1.3279055636056146e-7
3.111111111111111	0.0015251107272134185
1.3623188405797102	0.00044372731501405113
34.666666666666664	0.0004112078929316265
4.380952380952381	0.0010718105351013006
3.5238095238095237	0.002078018336580961
0.3939393939393939	0.0002611907310304092
2.5238095238095237	0.0013182641659604485
0.4666666666666667	0.003332120592703089
5.809523809523809	0.00041415054944179687
1.8974358974358974	0.0017087534918384087
-1.4871794871794872	8.823818892703275e-5
1.3333333333333333	0.017186323765568785
-0.42424242424242425	0.0009104349095189456
9.0	1.061370622293287e-5
-7.0476190476190474	1.1237983313621546e-6
-3.5833333333333335	0.00012490440565509874
1.4901960784313726	0.0010463298099998482
11.333333333333334	0.0005691304341186153
-1.8666666666666667	5.1104564800313924e-5
3.4358974358974357	0.0004219800630009469
2.282051282051282	3.3751079745480634e-5
2.5714285714285716	0.00014072054209964306
3.0416666666666665	0.00029897139722399164
-1.0256410256410255	0.0002354171866933255
8.166666666666666	0.000764665565275063
-4.761904761904762	6.744089782121668e-5
-1.0476190476190477	0.0019115934795412852
1.3095238095238095	0.00010234530018617684
13.666666666666666	0.0010874579785114832
8.0	0.0014273922525925604
3.087719298245614	4.1654074145398186e-5
-1.2280701754385965	2.259636617470573e-6
-29.333333333333332	0.0005952908057759083
6.266666666666667	0.0011961792439584354
5.066666666666666	0.0017763817771385445
4.066666666666666	0.0005842014836235285
11.666666666666666	0.0017560388194931957
0.7466666666666667	0.0003158032298455314
4.166666666666667	0.003936391014471979
5.866666666666666	0.0010459224867955376
4.888888888888889	0.0003030784592206905
19.666666666666668	0.00022640142609020074
3.7333333333333334	5.787501573562762e-5
0.5333333333333333	0.0014094843744223294
4.848484848484849	5.9150654161836605e-5
2.3466666666666667	4.4766946726661806e-5
-0.2898550724637681	2.802213841326516e-5
-0.09523809523809523	0.00011046958794221442
32.666666666666664	0.0005393990366228357
0.4927536231884058	9.496340710768482e-5
0.3333333333333333	0.0059785325013028785
2.9019607843137254	0.00030156274000019064
7.809523809523809	1.635187014169362e-5
1.5466666666666666	0.0002686592886397784
-0.39215686274509803	0.000440508688863956
0.03508771929824561	0.0004674959264670482
-2.242424242424242	8.007975612538957e-5
4.866666666666666	0.00018462209812985175
0.26666666666666666	0.008925196148774421
0.5128205128205128	0.0012394453637940251
-49.333333333333336	7.96095837028108e-6
-28.333333333333332	1.5395415860973242e-6
4.466666666666667	0.00034679756853297063
2.8095238095238093	0.0007393411594842014
6.166666666666667	0.0017338390000310067
4.484848484848484	0.00019412832883869684
0.8974358974358975	0.0002456498031347011
4.444444444444445	0.0005346721307029316
-1.0175438596491229	7.083003289218629e-7
4.82051282051282	2.332607153097896e-6
9.466666666666667	0.0003186967435473613
-2.606060606060606	3.749886387891828e-5
0.21212121212121213	0.00013837942201758754
-0.8333333333333334	0.005737257887977168
0.2962962962962963	3.0408226490110254e-5
10.166666666666666	0.00025519191496696996
5.777777777777778	6.0235870632277286e-5
-0.2564102564102564	0.0007306659836218937
18.666666666666668	0.0022032059532900166
-8.933333333333334	1.2327895823736315e-5
2.8333333333333335	0.0011258999620390288
0.041666666666666664	0.0007751893805228237
2.2222222222222223	0.0026159993048272523
3.757575757575758	0.0005903687385368804
2.1066666666666665	0.0001229727214477829
-0.8627450980392157	4.918271644727938e-5
-5.583333333333333	1.1119354422606108e-6
5.555555555555555	9.525684593951624e-5
0.8571428571428571	0.0004310298781964387
1.380952380952381	0.002284329579515876
3.8333333333333335	0.00032477690824409157
-2.6666666666666665	0.0033298090086917153
-1.9583333333333333	5.544576206673696e-6
3.7435897435897436	0.00022945720441801612
7.166666666666667	0.0012211122543552694
-0.23333333333333334	0.00017414112427107382
1.0666666666666667	0.010593728505490282
-1.4509803921568627	2.0102367956515953e-5
0.3508771929824561	0.0003254364410230327
1.4166666666666667	0.005292430753252572
4.9523809523809526	0.0008466551042320176
1.6231884057971016	0.00038405468335533005
-1.0	0.002748754630958362
3.372549019607843	5.502546138764097e-5
-3.5555555555555554	4.556889430370436e-5
1.4848484848484849	0.0009480460613872377
-0.4583333333333333	0.0003260422493120912
-7.733333333333333	4.8705888436476096e-5
1.9523809523809523	0.0018801281153306305
3.8095238095238093	0.001577056908995649
2.8666666666666667	0.0016401608389806704
-1.696969696969697	0.00019133515137059927
1.9166666666666667	0.004464229780692648
1.9743589743589745	0.00012759122263695174
0.5757575757575758	0.0005075339966933368
1.8095238095238095	0.004713273051391151
0.2222222222222222	0.002606340844756039
1.7971014492753623	0.00033686409703491806
-6.333333333333333	0.003078534620397949
-8.833333333333334	0.00013265872468953003
3.2916666666666665	0.00011944600246141584
-12.833333333333334	6.079792867196987e-7
2.888888888888889	0.0017293937071771808
-1.2222222222222223	3.702208638314315e-6
1.1111111111111112	0.0034956384551924863
0.30303030303030304	0.0018190452201963022
1.5757575757575757	0.0027074274166200693
5.111111111111111	0.0002666511674899891
0.3466666666666667	0.0002046217309495194
-2.2666666666666666	1.3198070889473314e-5
-0.25	1.3279055636056146e-7
-4.583333333333333	5.0992322957799856e-5
-23.333333333333332	0.0009629028456601231
42.666666666666664	0.0001275024268885709
0.08333333333333333	3.499934967652241e-5
-16.333333333333332	0.0002798661890012315
-2.619047619047619	3.023644886655061e-5
56.666666666666664	2.5716501770028518e-5
10.666666666666666	0.005612701524214817
0.45614035087719296	0.00048794352045156256
-2.0392156862745097	1.5395415860973242e-6
2.303030303030303	0.001767749662169531
1.5666666666666667	0.0009232232292878483
-8.133333333333333	5.4794472693552416e-5
14.666666666666666	0.005640688168409018
0.1111111111111111	0.0007750730501834037
-2.2564102564102564	1.6853207368278595e-5
3.9166666666666665	0.0011693884900835464
8.266666666666667	0.0003053655191962958
